6	0	64	1	64	0
6	1	64	2	80	16
6	2	64	4	112	48
6	3	64	8	176	112
6	4	64	16	304	240
6	5	64	32	560	496
6	6	64	64	1072	1008
6	7	64	128	2096	2032
6	8	64	256	4144	4080
6	9	64	512	8240	8176
6	10	64	1024	16432	16368
6	11	64	2048	32816	32752
6	12	64	4096	65584	65520
6	13	64	8192	131120	131056
6	14	64	16384	262192	262128
6	15	64	32768	524336	524272
6	16	64	65536	1048624	1048560
6	17	64	131072	2097200	2097136
6	18	64	262144	4194352	4194288
6	19	64	524288	8388656	8388592
6	20	64	1048576	16777264	16777200

7	0	128	1	128	0
7	1	128	2	144	16
7	2	128	4	176	48
7	3	128	8	240	112
7	4	128	16	368	240
7	5	128	32	624	496
7	6	128	64	1136	1008
7	7	128	128	2160	2032
7	8	128	256	4208	4080
7	9	128	512	8304	8176
7	10	128	1024	16496	16368
7	11	128	2048	32880	32752
7	12	128	4096	65648	65520
7	13	128	8192	131184	131056
7	14	128	16384	262256	262128
7	15	128	32768	524400	524272
7	16	128	65536	1048688	1048560
7	17	128	131072	2097264	2097136
7	18	128	262144	4194416	4194288
7	19	128	524288	8388720	8388592
7	20	128	1048576	16777328	16777200

8	0	256	1	256	0
8	1	256	2	272	16
8	2	256	4	304	48
8	3	256	8	368	112
8	4	256	16	496	240
8	5	256	32	752	496
8	6	256	64	1264	1008
8	7	256	128	2288	2032
8	8	256	256	4336	4080
8	9	256	512	8432	8176
8	10	256	1024	16624	16368
8	11	256	2048	33008	32752
8	12	256	4096	65776	65520
8	13	256	8192	131312	131056
8	14	256	16384	262384	262128
8	15	256	32768	524528	524272
8	16	256	65536	1048816	1048560
8	17	256	131072	2097392	2097136
8	18	256	262144	4194544	4194288
8	19	256	524288	8388848	8388592
8	20	256	1048576	16777456	16777200

9	0	512	1	512	0
9	1	512	2	528	16
9	2	512	4	560	48
9	3	512	8	624	112
9	4	512	16	752	240
9	5	512	32	1008	496
9	6	512	64	1520	1008
9	7	512	128	2544	2032
9	8	512	256	4592	4080
9	9	512	512	8688	8176
9	10	512	1024	16880	16368
9	11	512	2048	33264	32752
9	12	512	4096	66032	65520
9	13	512	8192	131568	131056
9	14	512	16384	262640	262128
9	15	512	32768	524784	524272
9	16	512	65536	1049072	1048560
9	17	512	131072	2097648	2097136
9	18	512	262144	4194800	4194288
9	19	512	524288	8389104	8388592
9	20	512	1048576	16777712	16777200

10	0	1024	1	1024	0
10	1	1024	2	1040	16
10	2	1024	4	1072	48
10	3	1024	8	1136	112
10	4	1024	16	1264	240
10	5	1024	32	1520	496
10	6	1024	64	2032	1008
10	7	1024	128	3056	2032
10	8	1024	256	5104	4080
10	9	1024	512	9200	8176
10	10	1024	1024	17392	16368
10	11	1024	2048	33776	32752
10	12	1024	4096	66544	65520
10	13	1024	8192	132080	131056
10	14	1024	16384	263152	262128
10	15	1024	32768	525296	524272
10	16	1024	65536	1049584	1048560
10	17	1024	131072	2098160	2097136
10	18	1024	262144	4195312	4194288
10	19	1024	524288	8389616	8388592
10	20	1024	1048576	16778224	16777200

11	0	2048	1	2048	0
11	1	2048	2	2064	16
11	2	2048	4	2096	48
11	3	2048	8	2160	112
11	4	2048	16	2288	240
11	5	2048	32	2544	496
11	6	2048	64	3056	1008
11	7	2048	128	4080	2032
11	8	2048	256	6128	4080
11	9	2048	512	10224	8176
11	10	2048	1024	18416	16368
11	11	2048	2048	34800	32752
11	12	2048	4096	67568	65520
11	13	2048	8192	133104	131056
11	14	2048	16384	264176	262128
11	15	2048	32768	526320	524272
11	16	2048	65536	1050608	1048560
11	17	2048	131072	2099184	2097136
11	18	2048	262144	4196336	4194288
11	19	2048	524288	8390640	8388592
11	20	2048	1048576	16779248	16777200

12	0	4096	1	4096	0
12	1	4096	2	4112	16
12	2	4096	4	4144	48
12	3	4096	8	4208	112
12	4	4096	16	4336	240
12	5	4096	32	4592	496
12	6	4096	64	5104	1008
12	7	4096	128	6128	2032
12	8	4096	256	8176	4080
12	9	4096	512	12272	8176
12	10	4096	1024	20464	16368
12	11	4096	2048	36848	32752
12	12	4096	4096	69616	65520
12	13	4096	8192	135152	131056
12	14	4096	16384	266224	262128
12	15	4096	32768	528368	524272
12	16	4096	65536	1052656	1048560
12	17	4096	131072	2101232	2097136
12	18	4096	262144	4198384	4194288
12	19	4096	524288	8392688	8388592
12	20	4096	1048576	16781296	16777200

13	0	8192	1	8192	0
13	1	8192	2	8208	16
13	2	8192	4	8240	48
13	3	8192	8	8304	112
13	4	8192	16	8432	240
13	5	8192	32	8688	496
13	6	8192	64	9200	1008
13	7	8192	128	10224	2032
13	8	8192	256	12272	4080
13	9	8192	512	16368	8176
13	10	8192	1024	24560	16368
13	11	8192	2048	40944	32752
13	12	8192	4096	73712	65520
13	13	8192	8192	139248	131056
13	14	8192	16384	270320	262128
13	15	8192	32768	532464	524272
13	16	8192	65536	1056752	1048560
13	17	8192	131072	2105328	2097136
13	18	8192	262144	4202480	4194288
13	19	8192	524288	8396784	8388592
13	20	8192	1048576	16785392	16777200

14	0	16384	1	16384	0
14	1	16384	2	16400	16
14	2	16384	4	16432	48
14	3	16384	8	16496	112
14	4	16384	16	16624	240
14	5	16384	32	16880	496
14	6	16384	64	17392	1008
14	7	16384	128	18416	2032
14	8	16384	256	20464	4080
14	9	16384	512	24560	8176
14	10	16384	1024	32752	16368
14	11	16384	2048	49136	32752
14	12	16384	4096	81904	65520
14	13	16384	8192	147440	131056
14	14	16384	16384	278512	262128
14	15	16384	32768	540656	524272
14	16	16384	65536	1064944	1048560
14	17	16384	131072	2113520	2097136
14	18	16384	262144	4210672	4194288
14	19	16384	524288	8404976	8388592
14	20	16384	1048576	16793584	16777200

15	0	32768	1	32768	0
15	1	32768	2	32784	16
15	2	32768	4	32816	48
15	3	32768	8	32880	112
15	4	32768	16	33008	240
15	5	32768	32	33264	496
15	6	32768	64	33776	1008
15	7	32768	128	34800	2032
15	8	32768	256	36848	4080
15	9	32768	512	40944	8176
15	10	32768	1024	49136	16368
15	11	32768	2048	65520	32752
15	12	32768	4096	98288	65520
15	13	32768	8192	163824	131056
15	14	32768	16384	294896	262128
15	15	32768	32768	557040	524272
15	16	32768	65536	1081328	1048560
15	17	32768	131072	2129904	2097136
15	18	32768	262144	4227056	4194288
15	19	32768	524288	8421360	8388592
15	20	32768	1048576	16809968	16777200

16	0	65536	1	65536	0
16	1	65536	2	65552	16
16	2	65536	4	65584	48
16	3	65536	8	65648	112
16	4	65536	16	65776	240
16	5	65536	32	66032	496
16	6	65536	64	66544	1008
16	7	65536	128	67568	2032
16	8	65536	256	69616	4080
16	9	65536	512	73712	8176
16	10	65536	1024	81904	16368
16	11	65536	2048	98288	32752
16	12	65536	4096	131056	65520
16	13	65536	8192	196592	131056
16	14	65536	16384	327664	262128
16	15	65536	32768	589808	524272
16	16	65536	65536	1114096	1048560
16	17	65536	131072	2162672	2097136
16	18	65536	262144	4259824	4194288
16	19	65536	524288	8454128	8388592
16	20	65536	1048576	16842736	16777200

17	0	131072	1	131072	0
17	1	131072	2	131088	16
17	2	131072	4	131120	48
17	3	131072	8	131184	112
17	4	131072	16	131312	240
17	5	131072	32	131568	496
17	6	131072	64	132080	1008
17	7	131072	128	133104	2032
17	8	131072	256	135152	4080
17	9	131072	512	139248	8176
17	10	131072	1024	147440	16368
17	11	131072	2048	163824	32752
17	12	131072	4096	196592	65520
17	13	131072	8192	262128	131056
17	14	131072	16384	393200	262128
17	15	131072	32768	655344	524272
17	16	131072	65536	1179632	1048560
17	17	131072	131072	2228208	2097136
17	18	131072	262144	4325360	4194288
17	19	131072	524288	8519664	8388592
17	20	131072	1048576	16908272	16777200

18	0	262144	1	262144	0
18	1	262144	2	262160	16
18	2	262144	4	262192	48
18	3	262144	8	262256	112
18	4	262144	16	262384	240
18	5	262144	32	262640	496
18	6	262144	64	263152	1008
18	7	262144	128	264176	2032
18	8	262144	256	266224	4080
18	9	262144	512	270320	8176
18	10	262144	1024	278512	16368
18	11	262144	2048	294896	32752
18	12	262144	4096	327664	65520
18	13	262144	8192	393200	131056
18	14	262144	16384	524272	262128
18	15	262144	32768	786416	524272
18	16	262144	65536	1310704	1048560
18	17	262144	131072	2359280	2097136
18	18	262144	262144	4456432	4194288
18	19	262144	524288	8650736	8388592
18	20	262144	1048576	17039344	16777200

19	0	524288	1	524288	0
19	1	524288	2	524304	16
19	2	524288	4	524336	48
19	3	524288	8	524400	112
19	4	524288	16	524528	240
19	5	524288	32	524784	496
19	6	524288	64	525296	1008
19	7	524288	128	526320	2032
19	8	524288	256	528368	4080
19	9	524288	512	532464	8176
19	10	524288	1024	540656	16368
19	11	524288	2048	557040	32752
19	12	524288	4096	589808	65520
19	13	524288	8192	655344	131056
19	14	524288	16384	786416	262128
19	15	524288	32768	1048560	524272
19	16	524288	65536	1572848	1048560
19	17	524288	131072	2621424	2097136
19	18	524288	262144	4718576	4194288
19	19	524288	524288	8912880	8388592
19	20	524288	1048576	17301488	16777200

20	0	1048576	1	1048576	0
20	1	1048576	2	1048592	16
20	2	1048576	4	1048624	48
20	3	1048576	8	1048688	112
20	4	1048576	16	1048816	240
20	5	1048576	32	1049072	496
20	6	1048576	64	1049584	1008
20	7	1048576	128	1050608	2032
20	8	1048576	256	1052656	4080
20	9	1048576	512	1056752	8176
20	10	1048576	1024	1064944	16368
20	11	1048576	2048	1081328	32752
20	12	1048576	4096	1114096	65520
20	13	1048576	8192	1179632	131056
20	14	1048576	16384	1310704	262128
20	15	1048576	32768	1572848	524272
20	16	1048576	65536	2097136	1048560
20	17	1048576	131072	3145712	2097136
20	18	1048576	262144	5242864	4194288
20	19	1048576	524288	9437168	8388592
20	20	1048576	1048576	17825776	16777200

21	0	2097152	1	2097152	0
21	1	2097152	2	2097168	16
21	2	2097152	4	2097200	48
21	3	2097152	8	2097264	112
21	4	2097152	16	2097392	240
21	5	2097152	32	2097648	496
21	6	2097152	64	2098160	1008
21	7	2097152	128	2099184	2032
21	8	2097152	256	2101232	4080
21	9	2097152	512	2105328	8176
21	10	2097152	1024	2113520	16368
21	11	2097152	2048	2129904	32752
21	12	2097152	4096	2162672	65520
21	13	2097152	8192	2228208	131056
21	14	2097152	16384	2359280	262128
21	15	2097152	32768	2621424	524272
21	16	2097152	65536	3145712	1048560
21	17	2097152	131072	4194288	2097136
21	18	2097152	262144	6291440	4194288
21	19	2097152	524288	10485744	8388592
21	20	2097152	1048576	18874352	16777200

22	0	4194304	1	4194304	0
22	1	4194304	2	4194320	16
22	2	4194304	4	4194352	48
22	3	4194304	8	4194416	112
22	4	4194304	16	4194544	240
22	5	4194304	32	4194800	496
22	6	4194304	64	4195312	1008
22	7	4194304	128	4196336	2032
22	8	4194304	256	4198384	4080
22	9	4194304	512	4202480	8176
22	10	4194304	1024	4210672	16368
22	11	4194304	2048	4227056	32752
22	12	4194304	4096	4259824	65520
22	13	4194304	8192	4325360	131056
22	14	4194304	16384	4456432	262128
22	15	4194304	32768	4718576	524272
22	16	4194304	65536	5242864	1048560
22	17	4194304	131072	6291440	2097136
22	18	4194304	262144	8388592	4194288
22	19	4194304	524288	12582896	8388592
22	20	4194304	1048576	20971504	16777200

23	0	8388608	1	8388608	0
23	1	8388608	2	8388624	16
23	2	8388608	4	8388656	48
23	3	8388608	8	8388720	112
23	4	8388608	16	8388848	240
23	5	8388608	32	8389104	496
23	6	8388608	64	8389616	1008
23	7	8388608	128	8390640	2032
23	8	8388608	256	8392688	4080
23	9	8388608	512	8396784	8176
23	10	8388608	1024	8404976	16368
23	11	8388608	2048	8421360	32752
23	12	8388608	4096	8454128	65520
23	13	8388608	8192	8519664	131056
23	14	8388608	16384	8650736	262128
23	15	8388608	32768	8912880	524272
23	16	8388608	65536	9437168	1048560
23	17	8388608	131072	10485744	2097136
23	18	8388608	262144	12582896	4194288
23	19	8388608	524288	16777200	8388592
23	20	8388608	1048576	25165808	16777200
